1 31
2 93
3 393
4 2065
5 10565
6 51547
7 212758
8 598829
9 919106
10 965082
11 966428
12 966450
1 31
2 93
3 483
4 4104
5 40209
6 391430
7 3512616
8 28386055
9 193091650
10 938204163
11 1973664890
12 2112825752
13 2113624317
14 2113626150
1 183
2 966
3 4455
4 18433
5 66868
6 186880
7 372688
8 549872
9 601296
10 604800
1 79
2 232
3 864
4 3021
5 12039
6 41812
7 153984
8 554646
9 2023956
10 7172391
11 24953125
12 82097521
13 243314028
14 585278821
15 1061198308
16 1486762902
17 1656579779
18 1673952021
19 1674086268
20 1674086400
1 183
2 922
3 5343
4 19307
5 71110
6 211332
7 534700
8 1189696
9 2283568
10 3992064
11 6358912
12 8942576
13 11544144
14 13410864
15 14305472
16 14501408
17 14515200
